15 15 45 41 
aaMMaaMaaaaaaaa 
MMaaaaaMaMMaaMM 
aaaaaaaaaaaaaaM 
MaaMaaaaaaaaaaa 
aaaaMaaaaaaaMaa 
aaaaaaaaaMaaaaa 
MaaaaaaaaMaaaaM 
aaaaaaaaMaaaMaa 
aaaaaaaMaaaMaaa 
MaaaaaaaMMaaaaa 
aaaaaaaaaaMaaMM 
aaaaaMaMMaaaaaM 
aMaaaaaMMaaaaaM 
aaaaaaMMMaMaaaa 
aMMaaaaaaaaaaMM 
1 1 1 1 1 1 1 1 1 1 1 1 1 1 1 
1 1 1 1 0 0 0 1 1 1 1 1 1 1 1 
1 1 1 1 0 0 0 0 0 0 0 0 1 1 1 
1 1 1 1 0 0 0 0 0 0 0 0 1 1 1 
1 0 0 0 1 0 0 0 0 0 0 0 1 1 1 
1 0 0 0 0 0 0 0 0 1 0 0 1 1 1 
1 0 0 0 0 0 0 0 0 1 1 1 1 1 1 
1 0 0 0 0 0 0 0 1 1 1 1 1 1 1 
1 0 0 0 0 0 0 1 1 1 1 1 1 1 1 
1 0 0 0 0 0 0 1 1 1 1 1 1 1 1 
1 0 0 0 0 0 0 1 1 1 1 1 1 1 1 
1 0 0 0 0 1 1 1 1 1 1 1 1 1 1 
1 1 0 0 0 0 1 1 1 1 1 1 1 1 1 
1 1 0 0 0 0 1 1 1 1 1 1 1 1 1 
1 1 1 0 0 0 1 1 1 1 1 1 1 1 1 
0 0 0 0 0 0 0 0 0 0 0 0 0 0 0 
0 0 0 0 0 0 0 0 0 0 0 0 0 0 0 
0 0 0 0 0 0 0 0 0 0 0 0 0 0 0 
0 0 0 0 0 0 0 0 0 0 0 0 0 0 0 
0 0 0 0 1 0 0 0 0 0 0 0 0 0 0 
0 0 0 0 0 0 0 0 0 1 0 0 0 0 0 
0 0 0 0 0 0 0 0 0 0 0 0 0 0 0 
0 0 0 0 0 0 0 0 1 0 0 0 0 0 0 
0 0 0 0 0 0 0 1 0 0 0 0 0 0 0 
0 0 0 0 0 0 0 0 0 0 0 0 0 0 0 
0 0 0 0 0 0 0 0 0 0 0 0 0 0 0 
0 0 0 0 0 0 0 0 0 0 0 0 0 0 0 
0 0 0 0 0 0 0 0 0 0 0 0 0 0 0 
0 0 0 0 0 0 0 0 0 0 0 0 0 0 0 
0 0 0 0 0 0 0 0 0 0 0 0 0 0 0 
2 3 9 9 1 1 9 2 2 2 2 1 1 2 2 
9 9 3 2 1 1 2 9 2 9 9 1 1 9 9 
3 3 2 1 1 0 1 1 2 2 2 1 1 3 9 
9 1 1 9 2 1 0 0 0 0 0 1 1 2 1 
1 1 1 2 9 1 0 0 1 1 1 1 9 1 0 
1 1 0 1 1 1 0 0 2 9 2 1 1 2 1 
9 1 0 0 0 0 0 1 3 9 2 1 1 2 9 
1 1 0 0 0 0 1 2 9 2 2 2 9 2 1 
1 1 0 0 0 0 1 9 4 3 2 9 2 1 0 
9 1 0 0 0 0 1 2 9 9 3 2 2 2 2 
1 1 0 0 1 1 2 3 4 4 9 1 1 9 9 
1 1 1 0 1 9 3 9 9 3 1 1 1 4 9 
1 9 1 0 1 2 5 9 9 4 1 1 0 2 9 
2 3 3 1 0 1 9 9 9 3 9 1 1 3 3 
1 9 9 1 0 1 2 3 2 2 1 1 1 9 9 
0 0 0 0 0 0 0 0 0 0 0 0 0 0 0 
0 0 0 0 0 0 0 0 0 0 0 0 0 0 0 
0 0 0 0 0 0 0 0 0 0 0 0 0 0 0 
0 0 0 0 0 0 0 0 0 0 0 0 0 0 0 
0 0 0 0 0 0 0 0 0 0 0 0 0 0 0 
0 0 0 0 0 0 0 0 0 0 0 0 0 1 0 
0 0 0 0 0 0 0 0 0 0 0 0 0 0 0 
0 0 0 0 0 0 0 0 0 0 0 0 0 0 0 
0 0 0 0 0 0 0 0 0 0 0 0 0 0 0 
0 0 0 0 0 0 0 0 0 0 0 0 0 0 0 
0 0 0 0 0 0 0 0 0 0 0 0 0 0 0 
0 0 0 0 0 0 0 0 0 0 0 0 0 0 0 
0 0 0 0 0 0 0 0 0 0 0 0 0 0 0 
0 0 0 0 0 0 0 0 0 0 0 0 0 0 0 
0 0 0 0 0 0 0 0 0 0 0 0 0 0 0 
